trianglePoint:0.04571287365044965,-0.1294732246360698,-0.8690733764450884
trianglePoint:0.04987445147157945,-0.1383984275030379,-0.8696187357974481
trianglePoint:0.050585965535185046,-0.13814822257883855,-0.8650446519044901
planeNormal:-0.8905572216506746,-0.42512798849394023,0.16178389402201765,0.4315349820530628
projectedPointOnPlane:0.04747486753378796,-0.13541964238048396,-0.875


0.04571287365044965,-0.1294732246360698,-0.8690733764450884,
0.04987445147157945,-0.1383984275030379,-0.8696187357974481,
0.050585965535185046,-0.13814822257883855,-0.8650446519044901,


0.04571287365044965,-0.1294732246360698,-0.8690733764450884,
0.04987445147157945,-0.1383984275030379,-0.8696187357974481,

0.04571287365044965,-0.1294732246360698,-0.8690733764450884,
0.050585965535185046,-0.13814822257883855,-0.8650446519044901,


0.04571287365044965,-0.1294732246360698,-0.8690733764450884,
0.04747486753378796,-0.13541964238048396,-0.875

